Latitude, Longitude
a: 49.837318169244114, 24.033562391996384
b: 49.83943958159359, 24.032588314259897
c: 49.83937413545033, 24.03461531228379
d: 49.839432082486844, 24.030031263828278
e: 49.843857852542406, 24.026387647995648
